       weight_2023   pitax_2023       GTI_2023 weight_ref_2023 pitax_ref_2023   GTI_ref_2023 weight_ref_2024 pitax_ref_2024   GTI_ref_2024 weight_ref_2025 pitax_ref_2025   GTI_ref_2025 weight_ref_2026 pitax_ref_2026   GTI_ref_2026 weight_ref_2027 pitax_ref_2027   GTI_ref_2027 weight_ref_2028 pitax_ref_2028   GTI_ref_2028 weight_ref_2029 pitax_ref_2029   GTI_ref_2029 weight_ref_2030 pitax_ref_2030   GTI_ref_2030
0-10n          -99            0              0             -99              0              0             -99              0              0             -99              0              0             -99              0              0             -99              0              0             -99              0              0             -99              0              0             -99              0              0
0-10z          -99            0              0             -99              0              0             -99              0              0             -99              0              0             -99              0              0             -99              0              0             -99              0              0             -99              0              0             -99              0              0
0-10p      182,561    2,151,398     10,939,989         182,561      2,151,398     10,939,989         182,561      2,414,944     11,835,414         182,561      2,790,301     13,106,023         182,561      3,441,415     15,299,630         182,561      4,068,391     17,403,539         182,561      4,629,727     19,283,555         182,561      5,250,154     21,359,154         182,561      5,937,714     23,658,161
10-20      182,561    8,145,405     31,130,817         182,561      8,145,405     31,130,817         182,561      8,909,811     33,678,838         182,561      9,994,504     37,294,480         182,561     11,867,141     43,536,606         182,561     13,663,205     49,523,486         182,561     15,268,137     54,873,257         182,561     17,040,033     60,779,577         182,561     19,002,648     67,321,628
20-30      182,528   18,545,105     65,810,136         182,528     18,545,105     65,810,136         182,528     20,161,049     71,196,618         182,528     22,454,075     78,840,039         182,528     26,524,014     92,035,809         182,528     30,681,927    104,691,994         182,528     34,558,913    116,001,340         182,528     38,994,024    128,487,223         182,528     44,086,687    142,317,032
30-40      182,572   31,937,974    110,276,797         182,572     31,937,974    110,276,797         182,572     34,983,484    119,302,822         182,572     39,698,701    132,110,758         182,572     48,481,723    154,222,661         182,572     56,964,815    175,430,390         182,572     64,545,157    194,381,246         182,572     72,914,100    215,303,603         182,572     82,183,840    238,477,952
40-50      182,311   47,391,736    151,488,284         182,311     47,391,736    151,488,284         182,311     52,351,391    163,887,421         182,311     59,389,144    181,481,804         182,311     71,539,276    211,857,135         182,311     83,192,580    240,990,394         182,311     93,605,768    267,023,365         182,311    105,102,265    295,764,606         182,311    117,836,194    327,599,430
50-60      182,670   64,620,035    194,562,755         182,670     64,620,035    194,562,755         182,670     70,989,928    210,487,486         182,670     80,028,809    233,084,690         182,670     95,633,734    272,097,001         182,670    110,600,560    309,514,068         182,670    123,974,655    342,949,304         182,670    138,740,087    379,862,885         182,670    155,094,807    420,749,684
60-70      182,251   77,302,004    226,275,459         182,251     77,302,004    226,275,459         182,251     84,710,156    244,795,838         182,251     95,222,327    271,076,267         182,251    113,370,772    316,447,380         182,251    130,777,113    359,963,231         182,251    146,331,114    398,848,234         182,251    163,503,234    441,778,535         182,251    182,523,687    489,329,667
70-80      182,957   95,088,447    270,737,102         182,957     95,088,447    270,737,102         182,957    103,952,251    292,896,615         182,957    116,529,996    324,340,975         182,957    138,244,491    378,627,214         182,957    159,071,063    430,693,645         182,957    177,681,324    477,219,296         182,957    198,227,653    528,585,118         182,957    220,985,500    585,479,736
80-90      182,376  125,018,804    345,569,329         182,376    125,018,804    345,569,329         182,376    136,332,581    373,853,771         182,376    152,386,836    413,989,410         182,376    180,103,258    483,280,464         182,376    206,686,333    549,738,151         182,376    230,440,503    609,123,576         182,376    256,665,874    674,687,006         182,376    285,714,032    747,307,399
90-100     182,860  321,551,595    837,173,454         182,860    321,551,595    837,173,454         182,860    348,960,259    905,695,114         182,860    387,853,168  1,002,927,387         182,860    454,998,746  1,170,791,331         182,860    519,398,687  1,331,791,185         182,860    576,945,347  1,475,657,836         182,860    640,478,720  1,634,491,267         182,860    710,850,550  1,810,420,843
ALL      1,825,647   79,218,327    224,504,513       1,825,647     79,218,327    224,504,513       1,825,647     86,423,211    242,879,943       1,825,647     96,686,449    268,954,688       1,825,647    114,480,815    313,970,703       1,825,647    131,579,161    357,145,978       1,825,647    146,874,204    395,726,647       1,825,647    163,775,970    438,320,953       1,825,647    182,515,019    485,499,926
90-95       91,457  184,966,369    495,980,927          91,457    184,966,369    495,980,927          91,457    201,204,550    536,576,380          91,457    224,246,539    594,181,351          91,457    264,026,737    693,631,847          91,457    302,180,291    789,015,732          91,457    336,273,639    874,249,102          91,457    373,913,797    968,349,497          91,457    415,605,379  1,072,578,451
95-99       72,937  324,442,377    844,120,450          72,937    324,442,377    844,120,450          72,937    352,078,482    913,210,713          72,937    391,294,131  1,011,249,834          72,937    458,996,893  1,180,506,740          72,937    523,931,235  1,342,842,595          72,937    581,955,427  1,487,903,074          72,937    646,016,009  1,648,054,530          72,937    716,971,796  1,825,443,997
Top 1%      18,465  986,631,597  2,499,639,343          18,465    986,631,597  2,499,639,343          18,465  1,068,468,609  2,704,231,873          18,465  1,184,595,375  2,994,548,788          18,465  1,385,079,190  3,495,758,325          18,465  1,577,365,062  3,976,473,004          18,465  1,749,188,350  4,406,031,226          18,465  1,938,886,814  4,880,277,385          18,465  2,149,003,600  5,405,569,350

