        weight_2023      pitax_2023         GTI_2023 weight_ref_2023  pitax_ref_2023     GTI_ref_2023 weight_ref_2024  pitax_ref_2024     GTI_ref_2024 weight_ref_2025  pitax_ref_2025     GTI_ref_2025 weight_ref_2026  pitax_ref_2026     GTI_ref_2026 weight_ref_2027  pitax_ref_2027     GTI_ref_2027 weight_ref_2028  pitax_ref_2028     GTI_ref_2028 weight_ref_2029   pitax_ref_2029     GTI_ref_2029 weight_ref_2030   pitax_ref_2030     GTI_ref_2030     ETR ETR_ref
0       17,922.0865          0.0000           0.0000     17,922.0865          0.0000           0.0000     17,922.0865          0.0000           0.0000     17,922.0865          0.0000           0.0000     17,922.0865          0.0000           0.0000     17,922.0865          0.0000           0.0000     17,922.0865          0.0000           0.0000     17,922.0865           0.0000           0.0000     17,922.0865           0.0000           0.0000     nan     nan
1       18,465.1800          0.0000         180.0000     18,465.1800          0.0000         180.0000     18,465.1800          0.0000         194.0000     18,465.1800          0.0000         215.0000     18,465.1800          0.0000         251.0000     18,465.1800          0.0000         286.0000     18,465.1800          0.0000         317.0000     18,465.1800           0.0000         351.0000     18,465.1800           0.0000         388.0000  0.0000  0.0000
2       17,922.0865          0.0000       1,635.0000     17,922.0865          0.0000       1,635.0000     17,922.0865          0.0000       1,769.0000     17,922.0865          0.0000       1,959.0000     17,922.0865          0.0000       2,286.0000     17,922.0865          0.0000       2,601.0000     17,922.0865          0.0000       2,882.0000     17,922.0865           0.0000       3,192.0000     17,922.0865           0.0000       3,536.0000  0.0000  0.0000
3       18,465.1800          0.0000       2,690.0000     18,465.1800          0.0000       2,690.0000     18,465.1800          0.0000       2,910.0000     18,465.1800          0.0000       3,222.0000     18,465.1800          0.0000       3,761.0000     18,465.1800          0.0000       4,279.0000     18,465.1800          0.0000       4,741.0000     18,465.1800           0.0000       5,251.0000     18,465.1800           0.0000       5,816.0000  0.0000  0.0000
4       18,465.1800          0.0000       3,700.0000     18,465.1800          0.0000       3,700.0000     18,465.1800          0.0000       4,002.0000     18,465.1800          0.0000       4,432.0000     18,465.1800          0.0000       5,174.0000     18,465.1800          0.0000       5,885.0000     18,465.1800          0.0000       6,521.0000     18,465.1800           0.0000       7,223.0000     18,465.1800           0.0000       8,001.0000  0.0000  0.0000
5       17,922.0865          0.0000       4,336.0000     17,922.0865          0.0000       4,336.0000     17,922.0865          0.0000       4,691.0000     17,922.0865          0.0000       5,194.0000     17,922.0865          0.0000       6,063.0000     17,922.0865          0.0000       6,897.0000     17,922.0865          0.0000       7,642.0000     17,922.0865           0.0000       8,465.0000     17,922.0865           0.0000       9,376.0000  0.0000  0.0000
6       18,465.1800          0.0000       5,247.0000     18,465.1800          0.0000       5,247.0000     18,465.1800          0.0000       5,677.0000     18,465.1800          0.0000       6,286.0000     18,465.1800          0.0000       7,339.0000     18,465.1800          0.0000       8,348.0000     18,465.1800          0.0000       9,249.0000     18,465.1800           0.0000      10,245.0000     18,465.1800           0.0000      11,348.0000  0.0000  0.0000
7       17,922.0865          0.0000       5,544.0000     17,922.0865          0.0000       5,544.0000     17,922.0865          0.0000       5,997.0000     17,922.0865          0.0000       6,641.0000     17,922.0865          0.0000       7,753.0000     17,922.0865          0.0000       8,819.0000     17,922.0865          0.0000       9,772.0000     17,922.0865           0.0000      10,824.0000     17,922.0865           0.0000      11,989.0000  0.0000  0.0000
8       18,465.1800          0.0000       6,471.0000     18,465.1800          0.0000       6,471.0000     18,465.1800          0.0000       7,001.0000     18,465.1800          0.0000       7,753.0000     18,465.1800          0.0000       9,050.0000     18,465.1800          0.0000      10,295.0000     18,465.1800          0.0000      11,407.0000     18,465.1800           0.0000      12,634.0000     18,465.1800           0.0000      13,994.0000  0.0000  0.0000
9       18,465.1800          0.0000       7,237.0000     18,465.1800          0.0000       7,237.0000     18,465.1800          0.0000       7,830.0000     18,465.1800          0.0000       8,670.0000     18,465.1800          0.0000      10,122.0000     18,465.1800          0.0000      11,513.0000     18,465.1800          0.0000      12,757.0000     18,465.1800           0.0000      14,130.0000     18,465.1800           0.0000      15,651.0000  0.0000  0.0000
10      17,922.0865          0.0000       7,546.0000     17,922.0865          0.0000       7,546.0000     17,922.0865          0.0000       8,163.0000     17,922.0865          0.0000       9,040.0000     17,922.0865          0.0000      10,553.0000     17,922.0865          0.0000      12,004.0000     17,922.0865          0.0000      13,300.0000     17,922.0865           0.0000      14,732.0000     17,922.0865           0.0000      16,318.0000  0.0000  0.0000
11      18,465.1800          0.0000       8,495.0000     18,465.1800          0.0000       8,495.0000     18,465.1800          0.0000       9,190.0000     18,465.1800          0.0000      10,177.0000     18,465.1800          0.0000      11,881.0000     18,465.1800          0.0000      13,514.0000     18,465.1800          0.0000      14,974.0000     18,465.1800           0.0000      16,586.0000     18,465.1800           0.0000      18,371.0000  0.0000  0.0000
12      18,465.1800          0.0000       9,217.0000     18,465.1800          0.0000       9,217.0000     18,465.1800          0.0000       9,971.0000     18,465.1800          0.0000      11,042.0000     18,465.1800          0.0000      12,890.0000     18,465.1800          0.0000      14,663.0000     18,465.1800          0.0000      16,246.0000     18,465.1800           0.0000      17,995.0000     18,465.1800           0.0000      19,932.0000  0.0000  0.0000
13      17,922.0865          0.0000       9,461.0000     17,922.0865          0.0000       9,461.0000     17,922.0865          0.0000      10,235.0000     17,922.0865          0.0000      11,334.0000     17,922.0865          0.0000      13,231.0000     17,922.0865          0.0000      15,051.0000     17,922.0865          0.0000      16,677.0000     17,922.0865           0.0000      18,472.0000     17,922.0865           0.0000      20,460.0000  0.0000  0.0000
14      18,465.1800          0.0000      10,401.0000     18,465.1800          0.0000      10,401.0000     18,465.1800          0.0000      11,252.0000     18,465.1800          0.0000      12,460.0000     18,465.1800          0.0000      14,545.0000     18,465.1800          0.0000      16,545.0000     18,465.1800          0.0000      18,333.0000     18,465.1800           0.0000      20,306.0000     18,465.1800           0.0000      22,492.0000  0.0000  0.0000
15      17,922.0865          0.0000      10,434.0000     17,922.0865          0.0000      10,434.0000     17,922.0865          0.0000      11,288.0000     17,922.0865          0.0000      12,500.0000     17,922.0865          0.0000      14,592.0000     17,922.0865          0.0000      16,599.0000     17,922.0865          0.0000      18,392.0000     17,922.0865           0.0000      20,371.0000     17,922.0865           0.0000      22,564.0000  0.0000  0.0000
16      18,465.1800          0.0000      11,351.0000     18,465.1800          0.0000      11,351.0000     18,465.1800          0.0000      12,280.0000     18,465.1800          0.0000      13,598.0000     18,465.1800          0.0000      15,874.0000     18,465.1800          0.0000      18,057.0000     18,465.1800          0.0000      20,008.0000     18,465.1800           0.0000      22,162.0000     18,465.1800           0.0000      24,547.0000  0.0000  0.0000
17      18,465.1800          0.0000      12,411.0000     18,465.1800          0.0000      12,411.0000     18,465.1800          0.0000      13,427.0000     18,465.1800          0.0000      14,868.0000     18,465.1800          0.0000      17,357.0000     18,465.1800          0.0000      19,743.0000     18,465.1800          0.0000      21,876.0000     18,465.1800           0.0000      24,231.0000     18,465.1800           0.0000      26,839.0000  0.0000  0.0000
18      17,922.0865          0.0000      12,786.0000     17,922.0865          0.0000      12,786.0000     17,922.0865          0.0000      13,832.0000     17,922.0865          0.0000      15,317.0000     17,922.0865          0.0000      17,881.0000     17,922.0865          0.0000      20,340.0000     17,922.0865          0.0000      22,537.0000     17,922.0865           0.0000      24,963.0000     17,922.0865           0.0000      27,650.0000  0.0000  0.0000
19      18,465.1800          0.0000      14,114.0000     18,465.1800          0.0000      14,114.0000     18,465.1800          0.0000      15,270.0000     18,465.1800          0.0000      16,909.0000     18,465.1800          0.0000      19,739.0000     18,465.1800          0.0000      22,453.0000     18,465.1800          0.0000      24,879.0000     18,465.1800           0.0000      27,557.0000     18,465.1800           0.0000      30,523.0000  0.0000  0.0000
20      17,922.0865          0.0000      14,446.0000     17,922.0865          0.0000      14,446.0000     17,922.0865          0.0000      15,629.0000     17,922.0865          0.0000      17,307.0000     17,922.0865          0.0000      20,203.0000     17,922.0865          0.0000      22,982.0000     17,922.0865          0.0000      25,464.0000     17,922.0865           0.0000      28,205.0000     17,922.0865           0.0000      31,241.0000  0.0000  0.0000
21      18,465.1800          0.0000      15,943.0000     18,465.1800          0.0000      15,943.0000     18,465.1800          0.0000      17,248.0000     18,465.1800          0.0000      19,099.0000     18,465.1800          0.0000      22,296.0000     18,465.1800          0.0000      25,362.0000     18,465.1800          0.0000      28,102.0000     18,465.1800           0.0000      31,126.0000     18,465.1800           0.0000      34,477.0000  0.0000  0.0000
22      18,465.1800          0.0000      17,023.0000     18,465.1800          0.0000      17,023.0000     18,465.1800          0.0000      18,416.0000     18,465.1800          0.0000      20,393.0000     18,465.1800          0.0000      23,806.0000     18,465.1800          0.0000      27,080.0000     18,465.1800          0.0000      30,005.0000     18,465.1800           0.0000      33,235.0000     18,465.1800           0.0000      36,812.0000  0.0000  0.0000
23      17,922.0865          0.0000      17,374.0000     17,922.0865          0.0000      17,374.0000     17,922.0865          0.0000      18,796.0000     17,922.0865          0.0000      20,814.0000     17,922.0865          0.0000      24,298.0000     17,922.0865          0.0000      27,639.0000     17,922.0865          0.0000      30,625.0000     17,922.0865           0.0000      33,921.0000     17,922.0865           0.0000      37,572.0000  0.0000  0.0000
24      18,465.1800          0.0000      18,940.0000     18,465.1800          0.0000      18,940.0000     18,465.1800          0.0000      20,490.0000     18,465.1800          0.0000      22,690.0000     18,465.1800          0.0000      26,487.0000     18,465.1800          0.0000      30,130.0000     18,465.1800          0.0000      33,384.0000     18,465.1800           0.0000      36,978.0000     18,465.1800           0.0000      40,958.0000  0.0000  0.0000
25      18,465.1800          0.0000      20,150.0000     18,465.1800          0.0000      20,150.0000     18,465.1800          0.0000      21,799.0000     18,465.1800          0.0000      24,139.0000     18,465.1800          0.0000      28,179.0000     18,465.1800          0.0000      32,054.0000     18,465.1800          0.0000      35,517.0000     18,465.1800           0.0000      39,340.0000     18,465.1800           0.0000      43,574.0000  0.0000  0.0000
26      17,922.0865          0.0000      20,730.0000     17,922.0865          0.0000      20,730.0000     17,922.0865          0.0000      22,427.0000     17,922.0865          0.0000      24,834.0000     17,922.0865          0.0000      28,991.0000     17,922.0865          0.0000      32,977.0000     17,922.0865          0.0000      36,540.0000     17,922.0865           0.0000      40,473.0000     17,922.0865           0.0000      44,829.0000  0.0000  0.0000
27      18,465.1800          0.0000      22,158.0000     18,465.1800          0.0000      22,158.0000     18,465.1800          0.0000      23,972.0000     18,465.1800          0.0000      26,545.0000     18,465.1800          0.0000      30,988.0000     18,465.1800          0.0000      35,250.0000     18,465.1800          0.0000      39,058.0000     18,465.1800           0.0000      43,262.0000     18,465.1800           0.0000      47,918.0000  0.0000  0.0000
28      17,922.0865          0.0000      21,794.0000     17,922.0865          0.0000      21,794.0000     17,922.0865          0.0000      23,578.0000     17,922.0865          0.0000      26,109.0000     17,922.0865          0.0000      30,480.0000     17,922.0865          0.0000      34,671.0000     17,922.0865          0.0000      38,416.0000     17,922.0865           0.0000      42,551.0000     17,922.0865           0.0000      47,131.0000  0.0000  0.0000
29      18,465.1800          0.0000      23,506.0000     18,465.1800          0.0000      23,506.0000     18,465.1800          0.0000      25,430.0000     18,465.1800          0.0000      28,161.0000     18,465.1800          0.0000      32,874.0000     18,465.1800          0.0000      37,395.0000     18,465.1800          0.0000      41,434.0000     18,465.1800           0.0000      45,894.0000     18,465.1800           0.0000      50,834.0000  0.0000  0.0000
30      18,465.1800          0.0000      25,135.0000     18,465.1800          0.0000      25,135.0000     18,465.1800          0.0000      27,193.0000     18,465.1800          0.0000      30,112.0000     18,465.1800          0.0000      35,152.0000     18,465.1800          0.0000      39,986.0000     18,465.1800          0.0000      44,305.0000     18,465.1800           0.0000      49,074.0000     18,465.1800         227.0000      54,356.0000  0.0000  0.0000
31      17,922.0865          0.0000      25,261.0000     17,922.0865          0.0000      25,261.0000     17,922.0865          0.0000      27,329.0000     17,922.0865          0.0000      30,263.0000     17,922.0865          0.0000      35,328.0000     17,922.0865          0.0000      40,186.0000     17,922.0865          0.0000      44,527.0000     17,922.0865           0.0000      49,320.0000     17,922.0865         396.0000      54,628.0000  0.0000  0.0000
32      18,465.1800          0.0000      26,880.0000     18,465.1800          0.0000      26,880.0000     18,465.1800          0.0000      29,080.0000     18,465.1800          0.0000      32,202.0000     18,465.1800          0.0000      37,592.0000     18,465.1800          0.0000      42,761.0000     18,465.1800          0.0000      47,381.0000     18,465.1800          59.0000      52,481.0000     18,465.1800         600.0000      58,129.0000  0.0000  0.0000
33      17,922.0865          0.0000      27,316.0000     17,922.0865          0.0000      27,316.0000     17,922.0865          0.0000      29,551.0000     17,922.0865          0.0000      32,724.0000     17,922.0865          0.0000      38,201.0000     17,922.0865          0.0000      43,454.0000     17,922.0865          0.0000      48,148.0000     17,922.0865         272.0000      53,331.0000     17,922.0865         846.0000      59,071.0000  0.0000  0.0000
34      18,465.1800          0.0000      29,419.0000     18,465.1800          0.0000      29,419.0000     18,465.1800          0.0000      31,827.0000     18,465.1800          0.0000      35,244.0000     18,465.1800          0.0000      41,142.0000     18,465.1800          0.0000      46,800.0000     18,465.1800          0.0000      51,856.0000     18,465.1800         536.0000      57,437.0000     18,465.1800       1,155.0000      63,619.0000  0.0000  0.0000
35      18,465.1800          0.0000      30,376.0000     18,465.1800          0.0000      30,376.0000     18,465.1800          0.0000      32,862.0000     18,465.1800          0.0000      36,390.0000     18,465.1800          0.0000      42,481.0000     18,465.1800          0.0000      48,323.0000     18,465.1800        144.0000      53,543.0000     18,465.1800         721.0000      59,306.0000     18,465.1800       1,359.0000      65,690.0000  0.0000  0.0000
36      17,922.0865          0.0000      30,847.0000     17,922.0865          0.0000      30,847.0000     17,922.0865          0.0000      33,372.0000     17,922.0865          0.0000      36,955.0000     17,922.0865          0.0000      43,140.0000     17,922.0865          0.0000      49,072.0000     17,922.0865        380.0000      54,373.0000     17,922.0865         965.0000      60,226.0000     17,922.0865       1,614.0000      66,708.0000  0.0000  0.0000
37      18,465.1800          0.0000      33,220.0000     18,465.1800          0.0000      33,220.0000     18,465.1800          0.0000      35,939.0000     18,465.1800          0.0000      39,797.0000     18,465.1800          0.0000      46,458.0000     18,465.1800         74.0000      52,846.0000     18,465.1800        642.0000      58,555.0000     18,465.1800       1,272.0000      64,858.0000     18,465.1800       1,970.0000      71,839.0000  0.0000  0.0000
38      18,465.1800          0.0000      34,629.0000     18,465.1800          0.0000      34,629.0000     18,465.1800          0.0000      37,464.0000     18,465.1800          0.0000      41,486.0000     18,465.1800          0.0000      48,429.0000     18,465.1800        300.0000      55,089.0000     18,465.1800        895.0000      61,040.0000     18,465.1800       1,552.0000      67,610.0000     18,465.1800       2,365.0000      74,887.0000  0.0000  0.0000
39      17,922.0865          0.0000      35,185.0000     17,922.0865          0.0000      35,185.0000     17,922.0865          0.0000      38,065.0000     17,922.0865          0.0000      42,152.0000     17,922.0865          0.0000      49,207.0000     17,922.0865        540.0000      55,973.0000     17,922.0865      1,144.0000      62,020.0000     17,922.0865       1,812.0000      68,695.0000     17,922.0865       2,952.0000      76,090.0000  0.0000  0.0000
40      18,465.1800          0.0000      37,213.0000     18,465.1800          0.0000      37,213.0000     18,465.1800          0.0000      40,259.0000     18,465.1800          0.0000      44,581.0000     18,465.1800         17.0000      52,043.0000     18,465.1800        709.0000      59,200.0000     18,465.1800      1,349.0000      65,595.0000     18,465.1800       2,055.0000      72,655.0000     18,465.1800       3,457.0000      80,475.0000  0.0000  0.0000
41      17,922.0865          0.0000      37,314.0000     17,922.0865          0.0000      37,314.0000     17,922.0865          0.0000      40,368.0000     17,922.0865          0.0000      44,701.0000     17,922.0865        155.0000      52,183.0000     17,922.0865        873.0000      59,359.0000     17,922.0865      1,514.0000      65,771.0000     17,922.0865       2,308.0000      72,851.0000     17,922.0865       3,861.0000      80,692.0000  0.0000  0.0000
42      18,465.1800          0.0000      39,912.0000     18,465.1800          0.0000      39,912.0000     18,465.1800          0.0000      43,179.0000     18,465.1800          0.0000      47,814.0000     18,465.1800        369.0000      55,817.0000     18,465.1800      1,136.0000      63,493.0000     18,465.1800      1,822.0000      70,352.0000     18,465.1800       2,943.0000      77,924.0000     18,465.1800       4,620.0000      86,311.0000  0.0000  0.0000
43      18,465.1800          0.0000      41,095.0000     18,465.1800          0.0000      41,095.0000     18,465.1800          0.0000      44,459.0000     18,465.1800          0.0000      49,232.0000     18,465.1800        536.0000      57,472.0000     18,465.1800      1,327.0000      65,375.0000     18,465.1800      2,033.0000      72,437.0000     18,465.1800       3,409.0000      80,234.0000     18,465.1800       5,136.0000      88,870.0000  0.0000  0.0000
44      17,922.0865          0.0000      40,779.0000     17,922.0865          0.0000      40,779.0000     17,922.0865          0.0000      44,117.0000     17,922.0865          0.0000      48,853.0000     17,922.0865        644.0000      57,030.0000     17,922.0865      1,429.0000      64,873.0000     17,922.0865      2,132.0000      71,880.0000     17,922.0865       3,656.0000      79,617.0000     17,922.0865       5,377.0000      88,187.0000  0.0000  0.0000
45      18,465.1800          0.0000      43,202.0000     18,465.1800          0.0000      43,202.0000     18,465.1800          0.0000      46,738.0000     18,465.1800         16.0000      51,756.0000     18,465.1800        831.0000      60,418.0000     18,465.1800      1,662.0000      68,726.0000     18,465.1800      2,593.0000      76,151.0000     18,465.1800       4,233.0000      84,347.0000     18,465.1800       6,303.0000      93,426.0000  0.0000  0.0000
46      17,922.0865          0.0000      43,224.0000     17,922.0865          0.0000      43,224.0000     17,922.0865          0.0000      46,762.0000     17,922.0865        121.0000      51,782.0000     17,922.0865        988.0000      60,449.0000     17,922.0865      1,819.0000      68,762.0000     17,922.0865      2,974.0000      76,190.0000     17,922.0865       4,614.0000      84,390.0000     17,922.0865       6,958.0000      93,474.0000  0.0000  0.0000
47      18,465.1800          0.0000      45,928.0000     18,465.1800          0.0000      45,928.0000     18,465.1800          0.0000      49,687.0000     18,465.1800        286.0000      55,022.0000     18,465.1800      1,207.0000      64,231.0000     18,465.1800      2,093.0000      73,063.0000     18,465.1800      3,542.0000      80,956.0000     18,465.1800       5,291.0000      89,670.0000     18,465.1800       8,053.0000      99,322.0000  0.0000  0.0000
48      18,465.1800          0.0000      47,905.0000     18,465.1800          0.0000      47,905.0000     18,465.1800         17.0000      51,826.0000     18,465.1800        527.0000      57,389.0000     18,465.1800      1,488.0000      66,995.0000     18,465.1800      2,603.0000      76,207.0000     18,465.1800      4,249.0000      84,440.0000     18,465.1800       6,331.0000      93,529.0000     18,465.1800       9,351.0000     103,596.0000  0.0000  0.0000
49      18,247.9426          0.0000      49,741.0000     18,247.9426          0.0000      49,741.0000     18,247.9426        228.0000      53,812.0000     18,247.9426        805.0000      59,589.0000     18,247.9426      1,803.0000      69,563.0000     18,247.9426      3,329.0000      79,129.0000     18,247.9426      5,039.0000      87,677.0000     18,247.9426       7,651.0000      97,114.0000     18,247.9426      10,787.0000     107,567.0000  0.0000  0.0000
50      18,356.5613         24.0000      51,995.0000     18,356.5613         24.0000      51,995.0000     18,356.5613        429.0000      56,251.0000     18,356.5613      1,033.0000      62,290.0000     18,356.5613      2,075.0000      72,715.0000     18,356.5613      3,948.0000      82,715.0000     18,356.5613      5,852.0000      91,650.0000     18,356.5613       8,808.0000     101,515.0000     18,356.5613      12,086.0000     112,441.0000  0.0005  0.0005
51      18,247.9426        229.0000      53,845.0000     18,247.9426        229.0000      53,845.0000     18,247.9426        670.0000      58,252.0000     18,247.9426      1,295.0000      64,506.0000     18,247.9426      2,560.0000      75,302.0000     18,247.9426      4,630.0000      85,657.0000     18,247.9426      6,984.0000      94,910.0000     18,247.9426      10,049.0000     105,126.0000     18,247.9426      13,443.0000     116,441.0000  0.0043  0.0043
52      18,247.9426        423.0000      55,846.0000     18,247.9426        423.0000      55,846.0000     18,247.9426        881.0000      60,417.0000     18,247.9426      1,530.0000      66,903.0000     18,247.9426      3,109.0000      78,101.0000     18,247.9426      5,265.0000      88,841.0000     18,247.9426      8,027.0000      98,438.0000     18,247.9426      11,206.0000     109,034.0000     18,247.9426      14,727.0000     120,770.0000  0.0076  0.0076
53      18,247.9426        647.0000      58,059.0000     18,247.9426        647.0000      58,059.0000     18,247.9426      1,123.0000      62,811.0000     18,247.9426      1,796.0000      69,554.0000     18,247.9426      3,732.0000      81,195.0000     18,247.9426      6,212.0000      92,361.0000     18,247.9426      9,203.0000     102,338.0000     18,247.9426      12,507.0000     113,353.0000     18,247.9426      16,168.0000     125,554.0000  0.0111  0.0111
54      18,247.9426        852.0000      60,075.0000     18,247.9426        852.0000      60,075.0000     18,247.9426      1,343.0000      64,993.0000     18,247.9426      2,042.0000      71,970.0000     18,247.9426      4,303.0000      84,016.0000     18,247.9426      7,181.0000      95,569.0000     18,247.9426     10,280.0000     105,893.0000     18,247.9426      13,700.0000     117,291.0000     18,247.9426      17,487.0000     129,916.0000  0.0142  0.0142
55      18,247.9426      1,049.0000      62,188.0000     18,247.9426      1,049.0000      62,188.0000     18,247.9426      1,558.0000      67,278.0000     18,247.9426      2,372.0000      74,501.0000     18,247.9426      4,864.0000      86,970.0000     18,247.9426      8,147.0000      98,930.0000     18,247.9426     11,353.0000     109,616.0000     18,247.9426      14,893.0000     121,415.0000     18,247.9426      18,813.0000     134,484.0000  0.0169  0.0169
56      18,247.9426      1,243.0000      64,030.0000     18,247.9426      1,243.0000      64,030.0000     18,247.9426      1,767.0000      69,271.0000     18,247.9426      2,832.0000      76,708.0000     18,247.9426      5,420.0000      89,547.0000     18,247.9426      9,055.0000     101,860.0000     18,247.9426     12,357.0000     112,864.0000     18,247.9426      16,002.0000     125,012.0000     18,247.9426      20,038.0000     138,468.0000  0.0194  0.0194
57      18,247.9426      1,430.0000      65,930.0000     18,247.9426      1,430.0000      65,930.0000     18,247.9426      1,970.0000      71,326.0000     18,247.9426      3,281.0000      78,983.0000     18,247.9426      6,150.0000      92,203.0000     18,247.9426      9,955.0000     104,882.0000     18,247.9426     13,353.0000     116,212.0000     18,247.9426      17,105.0000     128,720.0000     18,247.9426      21,262.0000     142,575.0000  0.0217  0.0217
58      18,247.9426      1,687.0000      68,566.0000     18,247.9426      1,687.0000      68,566.0000     18,247.9426      2,329.0000      74,178.0000     18,247.9426      3,899.0000      82,141.0000     18,247.9426      7,235.0000      95,890.0000     18,247.9426     11,191.0000     109,076.0000     18,247.9426     14,726.0000     120,859.0000     18,247.9426      18,628.0000     133,867.0000     18,247.9426      22,951.0000     148,276.0000  0.0246  0.0246
59      18,247.9426      1,978.0000      71,420.0000     18,247.9426      1,978.0000      71,420.0000     18,247.9426      2,938.0000      77,265.0000     18,247.9426      4,594.0000      85,560.0000     18,247.9426      8,450.0000      99,881.0000     18,247.9426     12,575.0000     113,616.0000     18,247.9426     16,253.0000     125,889.0000     18,247.9426      20,317.0000     139,439.0000     18,247.9426      24,819.0000     154,448.0000  0.0277  0.0277
60      18,247.9426      2,116.0000      72,876.0000     18,247.9426      2,116.0000      72,876.0000     18,247.9426      3,232.0000      78,840.0000     18,247.9426      4,928.0000      87,304.0000     18,247.9426      9,038.0000     101,917.0000     18,247.9426     13,239.0000     115,932.0000     18,247.9426     17,000.0000     128,455.0000     18,247.9426      21,149.0000     142,282.0000     18,247.9426      25,744.0000     157,596.0000  0.0290  0.0290
61      18,247.9426      2,523.0000      75,278.0000     18,247.9426      2,523.0000      75,278.0000     18,247.9426      3,749.0000      81,439.0000     18,247.9426      5,564.0000      90,183.0000     18,247.9426     10,038.0000     105,277.0000     18,247.9426     14,380.0000     119,754.0000     18,247.9426     18,261.0000     132,690.0000     18,247.9426      22,546.0000     146,972.0000     18,247.9426      27,292.0000     162,792.0000  0.0335  0.0335
62      18,247.9426      3,046.0000      77,912.0000     18,247.9426      3,046.0000      77,912.0000     18,247.9426      4,320.0000      84,288.0000     18,247.9426      6,460.0000      93,337.0000     18,247.9426     11,146.0000     108,960.0000     18,247.9426     15,640.0000     123,943.0000     18,247.9426     19,659.0000     137,332.0000     18,247.9426      24,093.0000     152,114.0000     18,247.9426      29,002.0000     168,487.0000  0.0391  0.0391
63      18,356.5613      3,699.0000      81,587.0000     18,356.5613      3,699.0000      81,587.0000     18,356.5613      5,034.0000      88,265.0000     18,356.5613      7,641.0000      97,741.0000     18,356.5613     12,546.0000     114,100.0000     18,356.5613     17,255.0000     129,790.0000     18,356.5613     21,459.0000     143,811.0000     18,356.5613      26,103.0000     159,290.0000     18,356.5613      31,248.0000     176,436.0000  0.0453  0.0453
64      18,247.9426      4,033.0000      83,081.0000     18,247.9426      4,033.0000      83,081.0000     18,247.9426      5,403.0000      89,881.0000     18,247.9426      8,247.0000      99,531.0000     18,247.9426     13,245.0000     116,189.0000     18,247.9426     18,038.0000     132,167.0000     18,247.9426     22,322.0000     146,444.0000     18,247.9426      27,050.0000     162,207.0000     18,247.9426      32,288.0000     179,666.0000  0.0485  0.0485
65      18,247.9426      4,640.0000      85,863.0000     18,247.9426      4,640.0000      85,863.0000     18,247.9426      6,333.0000      92,891.0000     18,247.9426      9,323.0000     102,863.0000     18,247.9426     14,488.0000     120,080.0000     18,247.9426     19,442.0000     136,593.0000     18,247.9426     23,869.0000     151,348.0000     18,247.9426      28,756.0000     167,638.0000     18,247.9426      34,169.0000     185,682.0000  0.0540  0.0540
66      18,247.9426      5,317.0000      89,248.0000     18,247.9426      5,317.0000      89,248.0000     18,247.9426      7,399.0000      96,553.0000     18,247.9426     10,508.0000     106,919.0000     18,247.9426     15,877.0000     124,814.0000     18,247.9426     21,026.0000     141,978.0000     18,247.9426     25,627.0000     157,315.0000     18,247.9426      30,707.0000     174,248.0000     18,247.9426      36,333.0000     193,003.0000  0.0596  0.0596
67      18,247.9426      6,379.0000      92,960.0000     18,247.9426      6,379.0000      92,960.0000     18,247.9426      8,662.0000     100,569.0000     18,247.9426     11,901.0000     111,366.0000     18,247.9426     17,492.0000     130,005.0000     18,247.9426     22,856.0000     147,883.0000     18,247.9426     27,648.0000     163,858.0000     18,247.9426      32,939.0000     181,495.0000     18,247.9426      38,800.0000     201,030.0000  0.0686  0.0686
68      18,247.9426      7,666.0000      97,354.0000     18,247.9426      7,666.0000      97,354.0000     18,247.9426     10,056.0000     105,322.0000     18,247.9426     13,448.0000     116,629.0000     18,247.9426     19,305.0000     136,150.0000     18,247.9426     24,921.0000     154,872.0000     18,247.9426     29,940.0000     171,602.0000     18,247.9426      35,481.0000     190,073.0000     18,247.9426      41,619.0000     210,532.0000  0.0787  0.0787
69      18,247.9426      8,977.0000     101,746.0000     18,247.9426      8,977.0000     101,746.0000     18,247.9426     11,476.0000     110,074.0000     18,247.9426     15,020.0000     121,891.0000     18,247.9426     21,141.0000     142,293.0000     18,247.9426     27,012.0000     161,860.0000     18,247.9426     32,256.0000     179,345.0000     18,247.9426      38,047.0000     198,649.0000     18,247.9426      44,462.0000     220,031.0000  0.0882  0.0882
70      18,291.3901      9,893.0000     104,901.0000     18,291.3901      9,893.0000     104,901.0000     18,291.3901     12,468.0000     113,487.0000     18,291.3901     16,125.0000     125,671.0000     18,291.3901     22,434.0000     146,705.0000     18,291.3901     28,486.0000     166,878.0000     18,291.3901     33,895.0000     184,905.0000     18,291.3901      39,866.0000     204,808.0000     18,291.3901      46,479.0000     226,853.0000  0.0943  0.0943
71      18,269.6664     11,271.0000     109,441.0000     18,269.6664     11,271.0000     109,441.0000     18,269.6664     13,958.0000     118,398.0000     18,269.6664     17,771.0000     131,109.0000     18,269.6664     24,355.0000     153,053.0000     18,269.6664     30,668.0000     174,100.0000     18,269.6664     36,310.0000     192,907.0000     18,269.6664      42,539.0000     213,671.0000     18,269.6664      49,439.0000     236,670.0000  0.1030  0.1030
72      18,247.9426     12,484.0000     113,619.0000     18,247.9426     12,484.0000     113,619.0000     18,247.9426     15,273.0000     122,918.0000     18,247.9426     19,232.0000     136,115.0000     18,247.9426     26,067.0000     158,897.0000     18,247.9426     32,622.0000     180,747.0000     18,247.9426     38,479.0000     200,272.0000     18,247.9426      44,946.0000     221,829.0000     18,247.9426      52,109.0000     245,705.0000  0.1099  0.1099
73      18,269.6664     14,024.0000     118,684.0000     18,269.6664     14,024.0000     118,684.0000     18,269.6664     16,938.0000     128,399.0000     18,269.6664     21,074.0000     142,183.0000     18,269.6664     28,213.0000     165,981.0000     18,269.6664     35,060.0000     188,805.0000     18,269.6664     41,179.0000     209,201.0000     18,269.6664      47,934.0000     231,719.0000     18,269.6664      55,417.0000     256,660.0000  0.1182  0.1182
74      18,247.9426     15,440.0000     123,423.0000     18,247.9426     15,440.0000     123,423.0000     18,247.9426     18,471.0000     133,525.0000     18,247.9426     22,771.0000     147,859.0000     18,247.9426     30,195.0000     172,607.0000     18,247.9426     37,316.0000     196,343.0000     18,247.9426     43,679.0000     217,553.0000     18,247.9426      50,704.0000     240,970.0000     18,247.9426      58,485.0000     266,907.0000  0.1251  0.1251
75      18,247.9426     16,927.0000     128,358.0000     18,247.9426     16,927.0000     128,358.0000     18,247.9426     20,078.0000     138,864.0000     18,247.9426     24,551.0000     153,772.0000     18,247.9426     32,272.0000     179,510.0000     18,247.9426     39,677.0000     204,195.0000     18,247.9426     46,295.0000     226,253.0000     18,247.9426      53,601.0000     250,606.0000     18,247.9426      61,693.0000     277,580.0000  0.1319  0.1319
76      18,269.6664     19,012.0000     135,486.0000     18,269.6664     19,012.0000     135,486.0000     18,269.6664     22,339.0000     146,576.0000     18,269.6664     27,059.0000     162,312.0000     18,269.6664     35,209.0000     189,478.0000     18,269.6664     43,026.0000     215,534.0000     18,269.6664     50,011.0000     238,817.0000     18,269.6664      57,723.0000     264,522.0000     18,269.6664      66,264.0000     292,994.0000  0.1403  0.1403
77      18,247.9426     21,328.0000     143,093.0000     18,247.9426     21,328.0000     143,093.0000     18,247.9426     24,841.0000     154,805.0000     18,247.9426     29,828.0000     171,424.0000     18,247.9426     38,435.0000     200,116.0000     18,247.9426     46,691.0000     227,635.0000     18,247.9426     54,068.0000     252,225.0000     18,247.9426      62,212.0000     279,374.0000     18,247.9426      71,234.0000     309,444.0000  0.1490  0.1490
78      18,269.6664     23,917.0000     151,747.0000     18,269.6664     23,917.0000     151,747.0000     18,269.6664     27,643.0000     164,168.0000     18,269.6664     32,931.0000     181,792.0000     18,269.6664     42,059.0000     212,219.0000     18,269.6664     50,814.0000     241,402.0000     18,269.6664     58,637.0000     267,480.0000     18,269.6664      67,274.0000     296,270.0000     18,269.6664      76,840.0000     328,160.0000  0.1576  0.1576
79      18,247.9426     26,595.0000     160,548.0000     18,247.9426     26,595.0000     160,548.0000     18,247.9426     30,537.0000     173,689.0000     18,247.9426     36,131.0000     192,336.0000     18,247.9426     45,789.0000     224,528.0000     18,247.9426     55,051.0000     255,403.0000     18,247.9426     63,328.0000     282,993.0000     18,247.9426      72,466.0000     313,453.0000     18,247.9426      82,588.0000     347,192.0000  0.1657  0.1657
80      18,258.8045     29,663.0000     170,945.0000     18,258.8045     29,663.0000     170,945.0000     18,258.8045     33,860.0000     184,936.0000     18,258.8045     39,817.0000     204,790.0000     18,258.8045     50,100.0000     239,067.0000     18,258.8045     59,962.0000     271,942.0000     18,258.8045     68,775.0000     301,318.0000     18,258.8045      78,505.0000     333,751.0000     18,258.8045      89,282.0000     369,675.0000  0.1735  0.1735
81      18,258.8045     33,237.0000     182,976.0000     18,258.8045     33,237.0000     182,976.0000     18,258.8045     37,730.0000     197,952.0000     18,258.8045     44,105.0000     219,204.0000     18,258.8045     55,112.0000     255,893.0000     18,258.8045     65,669.0000     291,082.0000     18,258.8045     75,102.0000     322,526.0000     18,258.8045      85,516.0000     357,241.0000     18,258.8045      97,052.0000     395,693.0000  0.1816  0.1816
82      18,258.8045     36,933.0000     195,240.0000     18,258.8045     36,933.0000     195,240.0000     18,258.8045     41,727.0000     211,220.0000     18,258.8045     48,530.0000     233,896.0000     18,258.8045     60,275.0000     273,044.0000     18,258.8045     71,539.0000     310,591.0000     18,258.8045     81,604.0000     344,143.0000     18,258.8045      92,717.0000     381,185.0000     18,258.8045     105,026.0000     422,214.0000  0.1892  0.1892
83      18,247.9426     40,896.0000     208,713.0000     18,247.9426     40,896.0000     208,713.0000     18,247.9426     46,021.0000     225,796.0000     18,247.9426     53,293.0000     250,037.0000     18,247.9426     65,848.0000     291,886.0000     18,247.9426     77,890.0000     332,025.0000     18,247.9426     88,650.0000     367,892.0000     18,247.9426     100,529.0000     407,490.0000     18,247.9426     113,687.0000     451,351.0000  0.1959  0.1959
84      18,258.8045     45,203.0000     222,796.0000     18,258.8045     45,203.0000     222,796.0000     18,258.8045     50,674.0000     241,032.0000     18,258.8045     58,437.0000     266,908.0000     18,258.8045     71,839.0000     311,582.0000     18,258.8045     84,693.0000     354,429.0000     18,258.8045     96,179.0000     392,716.0000     18,258.8045     108,860.0000     434,986.0000     18,258.8045     122,906.0000     481,806.0000  0.2029  0.2029
85      18,258.8045     50,890.0000     241,823.0000     18,258.8045     50,890.0000     241,823.0000     18,258.8045     56,828.0000     261,616.0000     18,258.8045     65,254.0000     289,702.0000     18,258.8045     79,800.0000     338,190.0000     18,258.8045     93,752.0000     384,696.0000     18,258.8045    106,219.0000     426,253.0000     18,258.8045     119,983.0000     472,133.0000     18,258.8045     135,228.0000     522,951.0000  0.2104  0.2104
86      18,258.8045     57,697.0000     264,603.0000     18,258.8045     57,697.0000     264,603.0000     18,258.8045     64,194.0000     286,260.0000     18,258.8045     73,414.0000     316,992.0000     18,258.8045     89,330.0000     370,048.0000     18,258.8045    104,596.0000     420,935.0000     18,258.8045    118,238.0000     466,406.0000     18,258.8045     133,298.0000     516,608.0000     18,258.8045     149,980.0000     572,214.0000  0.2181  0.2181
87      18,258.8045     64,642.0000     287,772.0000     18,258.8045     64,642.0000     287,772.0000     18,258.8045     71,709.0000     311,326.0000     18,258.8045     81,735.0000     344,749.0000     18,258.8045     99,046.0000     402,451.0000     18,258.8045    115,649.0000     457,794.0000     18,258.8045    130,485.0000     507,247.0000     18,258.8045     146,864.0000     561,845.0000     18,258.8045     165,006.0000     622,319.0000  0.2246  0.2246
88      18,247.9426     71,852.0000     311,915.0000     18,247.9426     71,852.0000     311,915.0000     18,247.9426     79,511.0000     337,444.0000     18,247.9426     90,379.0000     373,671.0000     18,247.9426    109,142.0000     436,214.0000     18,247.9426    127,138.0000     496,199.0000     18,247.9426    143,218.0000     549,801.0000     18,247.9426     160,972.0000     608,980.0000     18,247.9426     180,636.0000     674,528.0000  0.2304  0.2304
89      18,264.2354     79,746.0000     338,112.0000     18,264.2354     79,746.0000     338,112.0000     18,264.2354     88,048.0000     365,786.0000     18,264.2354     99,829.0000     405,056.0000     18,264.2354    120,167.0000     472,851.0000     18,264.2354    139,674.0000     537,875.0000     18,264.2354    157,106.0000     595,979.0000     18,264.2354     176,350.0000     660,127.0000     18,264.2354     197,666.0000     731,181.0000  0.2359  0.2359
90      18,253.3736     91,474.0000     377,410.0000     18,253.3736     91,474.0000     377,410.0000     18,253.3736    100,741.0000     408,301.0000     18,253.3736    113,891.0000     452,134.0000     18,253.3736    136,594.0000     527,810.0000     18,253.3736    158,368.0000     600,391.0000     18,253.3736    177,825.0000     665,248.0000     18,253.3736     199,307.0000     736,852.0000     18,253.3736     223,100.0000     816,164.0000  0.2424  0.2424
91      18,258.8045    105,762.0000     424,941.0000     18,258.8045    105,762.0000     424,941.0000     18,258.8045    116,196.0000     459,722.0000     18,258.8045    131,002.0000     509,076.0000     18,258.8045    156,564.0000     594,282.0000     18,258.8045    181,081.0000     676,004.0000     18,258.8045    202,988.0000     749,030.0000     18,258.8045     227,175.0000     829,652.0000     18,258.8045     253,965.0000     918,952.0000  0.2489  0.2489
92      18,258.8045    123,004.0000     482,622.0000     18,258.8045    123,004.0000     482,622.0000     18,258.8045    134,854.0000     522,124.0000     18,258.8045    151,670.0000     578,177.0000     18,258.8045    180,702.0000     674,949.0000     18,258.8045    208,546.0000     767,764.0000     18,258.8045    233,427.0000     850,701.0000     18,258.8045     260,897.0000     942,267.0000     18,258.8045     291,324.0000   1,043,689.0000  0.2549  0.2549
93      18,253.3736    143,548.0000     551,311.0000     18,253.3736    143,548.0000     551,311.0000     18,253.3736    157,085.0000     596,435.0000     18,253.3736    176,294.0000     660,466.0000     18,253.3736    209,458.0000     771,011.0000     18,253.3736    241,266.0000     877,036.0000     18,253.3736    269,688.0000     971,777.0000     18,253.3736     301,067.0000   1,076,375.0000     18,253.3736     335,824.0000   1,192,232.0000  0.2604  0.2604
94      18,258.8045    170,028.0000     639,493.0000     18,258.8045    170,028.0000     639,493.0000     18,258.8045    185,731.0000     691,834.0000     18,258.8045    208,013.0000     766,107.0000     18,258.8045    246,481.0000     894,334.0000     18,258.8045    283,376.0000   1,017,317.0000     18,258.8045    316,344.0000   1,127,212.0000     18,258.8045     352,743.0000   1,248,541.0000     18,258.8045     393,059.0000   1,382,928.0000  0.2659  0.2659
95      18,253.3736    209,166.0000     770,030.0000     18,253.3736    209,166.0000     770,030.0000     18,253.3736    228,074.0000     833,056.0000     18,253.3736    254,904.0000     922,491.0000     18,253.3736    301,224.0000   1,076,891.0000     18,253.3736    345,651.0000   1,224,979.0000     18,253.3736    385,349.0000   1,357,307.0000     18,253.3736     429,177.0000   1,503,402.0000     18,253.3736     477,723.0000   1,665,221.0000  0.2716  0.2716
96      18,258.8045    264,675.0000     955,123.0000     18,258.8045    264,675.0000     955,123.0000     18,258.8045    288,128.0000   1,033,298.0000     18,258.8045    321,407.0000   1,144,230.0000     18,258.8045    378,862.0000   1,335,744.0000     18,258.8045    433,967.0000   1,519,427.0000     18,258.8045    483,207.0000   1,683,563.0000     18,258.8045     537,571.0000   1,864,774.0000     18,258.8045     599,137.0000   2,065,491.0000  0.2771  0.2771
97      18,253.3736    353,554.0000   1,251,512.0000     18,253.3736    353,554.0000   1,251,512.0000     18,253.3736    384,284.0000   1,353,947.0000     18,253.3736    427,891.0000   1,499,302.0000     18,253.3736    503,174.0000   1,750,246.0000     18,253.3736    576,974.0000   1,990,929.0000     18,253.3736    649,668.0000   2,205,999.0000     18,253.3736     737,228.0000   2,443,443.0000     18,253.3736     841,493.0000   2,706,444.0000  0.2825  0.2825
98      18,258.8045    539,325.0000   1,866,470.0000     18,258.8045    539,325.0000   1,866,470.0000     18,258.8045    589,362.0000   2,019,239.0000     18,258.8045    664,427.0000   2,236,017.0000     18,258.8045    803,865.0000   2,610,268.0000     18,258.8045    946,566.0000   2,969,216.0000     18,258.8045  1,074,866.0000   3,289,965.0000     18,258.8045   1,216,513.0000   3,644,083.0000     18,258.8045   1,373,407.0000   4,036,316.0000  0.2890  0.2890
99      18,258.8045  1,714,464.0000   4,889,437.0000     18,258.8045  1,714,464.0000   4,889,437.0000     18,258.8045  1,874,542.0000   5,289,632.0000     18,258.8045  2,101,692.0000   5,857,508.0000     18,258.8045  2,493,850.0000   6,837,902.0000     18,258.8045  2,869,972.0000   7,778,208.0000     18,258.8045  3,206,068.0000   8,618,448.0000     18,258.8045   3,577,129.0000   9,546,101.0000     18,258.8045   3,988,130.0000  10,573,602.0000  0.3506  0.3506
ALL  1,825,646.9184  4,454,609.0000  18,452,303.0000  1,825,646.9184  4,454,609.0000  18,452,303.0000  1,825,646.9184  4,912,761.0000  19,962,602.0000  1,825,646.9184  5,572,925.0000  22,105,717.0000  1,825,646.9184  6,736,714.0000  25,805,639.0000  1,825,646.9184  7,875,600.0000  29,354,268.0000  1,825,646.9184  8,907,772.0000  32,525,261.0000  1,825,646.9184  10,061,434.0000  36,026,139.0000  1,825,646.9184  11,354,320.0000  39,903,837.0000  0.2414  0.2414

