       weight_2018 pitax_2018 total_gross_income_2018 weight_2019 pitax_2019 total_gross_income_2019 weight_2020 pitax_2020 total_gross_income_2020 weight_2021 pitax_2021 total_gross_income_2021 weight_2022 pitax_2022 total_gross_income_2022 weight_ref_2022 pitax_ref_2022 total_gross_income_ref_2022 weight_ref_2023 pitax_ref_2023 total_gross_income_ref_2023 weight_ref_2024 pitax_ref_2024 total_gross_income_ref_2024 weight_ref_2025 pitax_ref_2025 total_gross_income_ref_2025 weight_ref_2026 pitax_ref_2026 total_gross_income_ref_2026 weight_ref_2027 pitax_ref_2027 total_gross_income_ref_2027
0-10n          -99          0                       0         -99          0                       0         -99          0                       0         -99          0                       0         -99          0                       0             -99              0                           0             -99              0                           0             -99              0                           0             -99              0                           0             -99              0                           0             -99              0                           0
0-10z          -99          0                       0         -99          0                       0         -99          0                       0         -99          0                       0         -99          0                       0             -99              0                           0             -99              0                           0             -99              0                           0             -99              0                           0             -99              0                           0             -99              0                           0
0-10p       23,310      6,165                 144,181      23,310      6,820                 157,630      23,310      6,787                 156,948      23,310      7,566                 173,186      23,310      7,986                 182,017          23,310         21,161                     182,017          23,310         22,867                     195,500          23,310         23,930                     203,927          23,310         25,518                     216,567          23,310         27,101                     229,207          23,310         28,876                     243,414
10-20       23,310     30,796                 532,940      23,310     33,680                 582,652      23,310     33,534                 580,129      23,310     37,015                 640,151      23,310     38,907                 672,794          23,310        107,188                     672,794          23,310        115,142                     722,631          23,310        120,113                     753,778          23,310        127,568                     800,500          23,310        135,019                     847,222          23,310        143,384                     899,736
20-30       23,310     60,118                 909,849      23,310     65,765                 994,719      23,310     65,478                 990,411      23,310     72,336               1,092,882      23,310     76,086               1,148,611          23,310        195,439                   1,148,611          23,310        209,792                   1,233,694          23,310        218,713                   1,286,870          23,310        231,946                   1,366,635          23,310        244,727                   1,446,399          23,310        258,489                   1,536,052
30-40       23,310    101,310               1,358,283      23,310    111,647               1,484,982      23,310    111,110               1,478,552      23,310    124,885               1,631,528      23,310    133,207               1,714,724          23,310        297,705                   1,714,724          23,310        314,952                   1,841,740          23,310        325,390                   1,921,125          23,310        340,649                   2,040,203          23,310        355,630                   2,159,281          23,310        372,320                   2,293,121
40-50       23,310    118,996               1,526,598      23,310    132,544               1,668,997      23,310    131,801               1,661,770      23,310    150,342               1,833,702      23,310    160,714               1,927,207          23,310        331,052                   1,927,207          23,310        349,509                   2,069,963          23,310        360,933                   2,159,186          23,310        377,970                   2,293,019          23,310        394,897                   2,426,853          23,310        413,827                   2,577,278
50-60       23,310    139,514               1,701,261      23,310    157,339               1,859,952      23,310    156,425               1,851,898      23,310    178,354               2,043,501      23,310    190,385               2,147,705          23,310        361,829                   2,147,705          23,310        382,268                   2,306,794          23,310        394,978                   2,406,225          23,310        413,972                   2,555,371          23,310        432,889                   2,704,517          23,310        454,076                   2,872,152
60-70       23,310    172,220               1,956,368      23,310    193,217               2,138,856      23,310    192,146               2,129,594      23,310    217,734               2,349,928      23,310    231,732               2,469,757          23,310        399,331                   2,469,757          23,310        422,716                   2,652,702          23,310        437,287                   2,767,043          23,310        459,074                   2,938,554          23,310        480,754                   3,110,065          23,310        505,034                   3,302,838
70-80       23,310    225,746               2,378,464      23,310    252,082               2,600,324      23,310    250,743               2,589,064      23,310    282,652               2,856,937      23,310    300,047               3,002,619          23,310        466,655                   3,002,619          23,310        494,908                   3,225,035          23,310        512,529                   3,364,046          23,310        538,915                   3,572,561          23,310        565,264                   3,781,076          23,310        594,816                   4,015,440
80-90       23,310    341,615               3,334,681      23,310    378,255               3,645,736      23,310    376,394               3,629,950      23,310    420,720               4,005,515      23,310    444,863               4,209,767          23,310        601,864                   4,209,767          23,310        640,896                   4,521,602          23,310        665,249                   4,716,498          23,310        701,724                   5,008,843          23,310        738,115                   5,301,188          23,310        779,171                   5,629,774
90-100      23,320  1,499,308              13,322,874      23,320  1,647,241              14,565,616      23,320  1,639,722              14,502,544      23,320  1,819,104              16,003,022      23,320  1,917,053              16,819,058          23,320      2,063,810                  16,819,058          23,320      2,216,480                  18,064,914          23,320      2,312,006                  18,843,574          23,320      2,455,524                  20,011,565          23,320      2,599,173                  21,179,555          23,320      2,760,688                  22,492,337
ALL        233,110    269,631               2,717,005     233,110    297,917               2,970,444     233,110    296,472               2,957,581     233,110    331,135               3,263,582     233,110    350,165               3,430,000         233,110        484,671                   3,430,000         233,110        517,026                   3,684,074         233,110        537,189                   3,842,871         233,110        567,367                   4,081,065         233,110        597,443                   4,319,260         233,110        631,159                   4,586,982
90-95       11,660    601,780               5,564,501      11,660    663,017               6,083,551      11,660    659,893               6,057,209      11,660    734,835               6,683,906      11,660    776,208               7,024,736          11,660        918,667                   7,024,736          11,660        985,054                   7,545,087          11,660      1,026,777                   7,870,306          11,660      1,089,809                   8,358,135          11,660      1,153,223                   8,845,964          11,660      1,224,696                   9,394,267
95-99        9,320  1,360,345              12,061,212       9,320  1,498,063              13,186,267       9,320  1,491,068              13,129,169       9,320  1,657,924              14,487,553       9,320  1,748,813              15,226,311           9,320      1,899,988                  15,226,311           9,320      2,041,872                  16,354,186           9,320      2,130,534                  17,059,108           9,320      2,263,567                  18,116,491           9,320      2,396,459                  19,173,873           9,320      2,545,726                  20,362,337
Top 1%       2,340  6,525,080              57,007,198       2,340  7,145,695              62,324,760       2,340  7,114,193              62,054,884       2,340  7,863,880              68,475,274       2,340  8,271,862              71,967,007           2,340      8,422,442                  71,967,007           2,340      9,048,007                  77,297,896           2,340      9,438,967                  80,629,702           2,340     10,025,301                  85,627,411           2,340     10,611,595                  90,625,119           2,340     11,270,564                  96,242,379

