        weight_2018 pitax_2018 total_gross_income_2018 weight_2019 pitax_2019 total_gross_income_2019 weight_2020 pitax_2020 total_gross_income_2020 weight_2021 pitax_2021 total_gross_income_2021 weight_2022 pitax_2022 total_gross_income_2022 weight_ref_2022 pitax_ref_2022 total_gross_income_ref_2022 weight_ref_2023 pitax_ref_2023 total_gross_income_ref_2023 weight_ref_2024 pitax_ref_2024 total_gross_income_ref_2024 weight_ref_2025 pitax_ref_2025 total_gross_income_ref_2025 weight_ref_2026 pitax_ref_2026 total_gross_income_ref_2026 weight_ref_2027 pitax_ref_2027 total_gross_income_ref_2027
<0              0.0          0                       0         0.0          0                       0         0.0          0                       0         0.0          0                       0         0.0          0                       0             0.0              0                           0             0.0              0                           0             0.0              0                           0             0.0              0                           0             0.0              0                           0             0.0              0                           0
=0              0.0          0                       0         0.0          0                       0         0.0          0                       0         0.0          0                       0         0.0          0                       0             0.0              0                           0             0.0              0                           0             0.0              0                           0             0.0              0                           0             0.0              0                           0             0.0              0                           0
0-0.5 m     33400.0        353                   7,404     30980.0        318                   6,833     31050.0        318                   6,838     29050.0        298                   6,495     28320.0        295                   6,452         28320.0            295                       6,452         27020.0            284                       6,253         26180.0            275                       6,093         24990.0            263                       5,856         23800.0            248                       5,585         22810.0            241                       5,420
0.5-1m      28950.0      1,355                  21,542     28000.0      1,316                  21,294     28140.0      1,322                  21,376     25840.0      1,224                  20,122     24150.0      1,147                  19,041         24150.0          1,147                      19,041         21340.0          1,000                      16,868         19180.0            872                      14,959         15890.0            674                      11,885         14470.0            576                      10,483         14490.0            573                      10,647
1-1.5m      38610.0      3,806                  51,110     18520.0      1,584                  22,574     18460.0      1,580                  22,491     19360.0      1,639                  23,986     19520.0      1,640                  24,215         19520.0          1,648                      24,215         20350.0          1,675                      25,189         20800.0          1,671                      25,432         21360.0          1,635                      25,573         22020.0          1,700                      26,765         20450.0          1,606                      25,496
1.5-2m      54130.0      7,635                  92,779     63980.0      8,904                 109,841     64620.0      8,980                 110,718     49870.0      7,236                  89,461     41660.0      6,135                  76,049         41660.0          6,731                      76,049         28100.0          4,570                      51,873         19280.0          2,941                      34,783         14320.0          1,884                      24,433         14240.0          1,878                      24,697         14090.0          1,857                      24,612
2-3m        38400.0      8,746                  92,041     45980.0     10,374                 110,167     45490.0     10,263                 109,011     56100.0     12,618                 134,617     61890.0     13,814                 148,538         61890.0         16,614                     148,538         71210.0         18,935                     171,040         77300.0         20,358                     185,462         78350.0         21,106                     191,320         72060.0         20,198                     180,992         64780.0         18,777                     166,939
3-4m        13750.0      4,885                  47,215     16120.0      5,677                  55,215     16030.0      5,652                  54,916     18930.0      6,630                  64,898     21200.0      7,423                  72,723         21200.0          9,437                      72,723         24470.0         10,984                      83,900         26980.0         12,186                      92,389         30390.0         13,724                     104,086         34170.0         15,463                     117,162         38540.0         17,324                     132,182
4-5m         6510.0      3,032                  28,923      7810.0      3,682                  34,592      7700.0      3,625                  34,103      9450.0      4,479                  41,963     10100.0      4,825                  44,964         10100.0          6,236                      44,964         11440.0          7,026                      50,845         12450.0          7,633                      55,359         13830.0          8,465                      61,387         15610.0          9,579                      69,443         17570.0         10,911                      78,060
5-10m       11670.0      8,828                  80,102     13130.0     10,011                  90,494     13100.0     10,005                  90,302     14860.0     11,338                 102,868     15840.0     12,014                 109,132         15840.0         14,995                     109,132         17550.0         16,691                     119,829         18650.0         17,826                     127,244         20710.0         19,943                     140,654         22170.0         21,351                     149,682         24670.0         23,807                     165,977
>10m         7690.0     24,214                 212,243      8590.0     27,581                 241,430      8520.0     27,364                 239,687      9650.0     31,727                 276,362     10430.0     34,333                 298,455         10430.0         41,907                     298,455         11630.0         46,959                     332,999         12290.0         50,091                     354,089         13270.0         54,804                     386,143         14570.0         60,212                     422,052         15710.0         65,965                     459,939
ALL        233110.0     62,854                 633,361    233110.0     69,447                 692,440    233110.0     69,111                 689,442    233110.0     77,191                 760,774    233110.0     81,627                 799,567        233110.0         99,011                     799,567        233110.0        108,124                     858,795        233110.0        113,853                     895,812        233110.0        122,498                     951,337        233110.0        131,207                   1,006,863        233110.0        141,062                   1,069,271

